Essai	Condition	Type de porte	Largeur de porte	Hauteur de porte	Reponse	Corpulence utilisateur	 	 	Corpulence docteur	 	 	Difference de corpulence	 	 	Temps de reponse
1	1	1	0.48	0.4752	1	0	0	0	0	0	0	0	0	0	0.719
2	1	1	0.48	0.48	1	0	0	0	0	0	0	0	0	0	0.407
3	1	1	0.48	0.4848	1	0	0	0	0	0	0	0	0	0	0.49
4	1	1	0.48	0.48	1	0	0	0	0	0	0	0	0	0	0.407
5	1	1	0.48	0.4848	1	0	0	0	0	0	0	0	0	0	0.49
6	1	1	0.48	0.4752	1	0	0	0	0	0	0	0	0	0	0.719
1	1	1	0.48	0.4752	1	0	0	0	0	0	0	0	0	0	0.341
2	1	1	0.48	0.4848	1	0	0	0	0	0	0	0	0	0	0.325
3	1	1	0.48	0.4752	1	0	0	0	0	0	0	0	0	0	0.341
4	1	1	0.48	0.48	1	0	0	0	0	0	0	0	0	0	0.936
5	1	1	0.48	0.4848	1	0	0	0	0	0	0	0	0	0	0.325
6	1	1	0.48	0.48	1	0	0	0	0	0	0	0	0	0	0.936
1	1	1	0.48	0.4848	1	0	0	0	0	0	0	0	0	0	0.348
2	1	1	0.48	0.4752	1	0	0	0	0	0	0	0	0	0	0.269
3	1	1	0.48	0.48	1	0	0	0	0	0	0	0	0	0	0.661
4	1	1	0.48	0.4752	1	0	0	0	0	0	0	0	0	0	0.269
5	1	1	0.48	0.4848	1	0	0	0	0	0	0	0	0	0	0.348
6	1	1	0.48	0.48	1	0	0	0	0	0	0	0	0	0	0.661
1	3	1	0.48	0.4848	1	0	0	0	0	0	0	0	0	0	0.748
2	3	1	0.48	0.48	1	0	0	0	0	0	0	0	0	0	0.471
3	3	1	0.48	0.4752	1	0	0	0	0	0	0	0	0	0	0.839
4	3	1	0.48	0.48	1	0	0	0	0	0	0	0	0	0	0.471
5	3	1	0.48	0.4752	1	0	0	0	0	0	0	0	0	0	0.839
6	3	1	0.48	0.4848	1	0	0	0	0	0	0	0	0	0	0.748
1	3	1	0.48	0.48	1	0	0	0	0	0	0	0	0	0	0.406
2	3	1	0.48	0.4752	1	0	0	0	0	0	0	0	0	0	0.424
3	3	1	0.48	0.4848	1	0	0	0	0	0	0	0	0	0	0.398
4	3	1	0.48	0.48	1	0	0	0	0	0	0	0	0	0	0.406
5	3	1	0.48	0.4848	1	0	0	0	0	0	0	0	0	0	0.398
6	3	1	0.48	0.4752	1	0	0	0	0	0	0	0	0	0	0.424
